version https://git-lfs.github.com/spec/v1
oid sha256:86fbf476b75565bd6dc0492c165571496b404971af0f959af364a780e3caf021
size 4319432
